gc_1000_5  :
123
[68, 110, 65, 17, 26, 84, 62, 71, 39, 72, 46, 4, 10, 72, 110, 117, 48, 8, 4, 81, 79, 64, 68, 12, 29, 32, 29, 34, 6, 109, 43, 98, 98, 69, 28, 107, 14, 10, 84, 47, 25, 23, 19, 100, 25, 29, 34, 13, 7, 76, 114, 76, 92, 79, 60, 65, 22, 64, 26, 57, 107, 96, 108, 32, 75, 37, 37, 4, 85, 82, 97, 22, 52, 107, 97, 57, 14, 55, 96, 39, 31, 18, 60, 2, 14, 93, 83, 44, 75, 17, 90, 54, 61, 107, 15, 5, 100, 45, 99, 69, 60, 46, 32, 57, 54, 40, 23, 2, 64, 9, 87, 114, 105, 73, 38, 62, 0, 62, 96, 15, 111, 54, 77, 93, 107, 30, 101, 101, 44, 29, 69, 97, 46, 84, 3, 66, 60, 98, 79, 62, 88, 82, 8, 69, 18, 2, 78, 1, 16, 42, 36, 94, 13, 8, 89, 47, 61, 30, 86, 49, 64, 88, 120, 100, 32, 75, 115, 33, 118, 49, 53, 103, 53, 13, 31, 40, 87, 0, 25, 33, 7, 50, 108, 86, 69, 5, 10, 70, 60, 113, 54, 95, 50, 22, 5, 11, 78, 43, 103, 102, 32, 91, 6, 110, 19, 8, 24, 115, 62, 114, 67, 27, 10, 64, 28, 7, 34, 29, 16, 72, 22, 53, 77, 88, 6, 59, 38, 63, 12, 9, 58, 70, 59, 23, 106, 40, 105, 5, 37, 20, 14, 28, 86, 56, 2, 30, 38, 104, 17, 67, 24, 31, 57, 94, 73, 109, 68, 98, 22, 88, 14, 29, 57, 51, 32, 13, 19, 63, 55, 55, 41, 51, 76, 52, 27, 49, 47, 115, 105, 91, 75, 55, 9, 50, 48, 94, 75, 88, 89, 6, 103, 49, 3, 73, 43, 56, 52, 74, 80, 64, 40, 14, 17, 96, 84, 36, 13, 2, 0, 25, 77, 41, 82, 47, 40, 31, 94, 39, 4, 72, 13, 9, 48, 21, 73, 66, 71, 78, 83, 34, 81, 51, 98, 61, 3, 16, 62, 16, 32, 65, 87, 6, 108, 41, 109, 109, 5, 12, 89, 12, 58, 78, 39, 11, 22, 66, 105, 99, 89, 92, 121, 23, 38, 85, 58, 71, 81, 40, 8, 15, 46, 102, 61, 84, 106, 65, 105, 21, 83, 16, 77, 45, 2, 31, 100, 82, 4, 27, 10, 24, 76, 55, 79, 11, 82, 88, 48, 22, 64, 41, 2, 15, 91, 59, 85, 20, 35, 19, 93, 33, 91, 62, 10, 42, 36, 96, 89, 74, 18, 39, 90, 37, 21, 12, 88, 21, 20, 93, 103, 28, 0, 92, 68, 53, 5, 106, 68, 111, 4, 75, 43, 2, 35, 66, 65, 31, 1, 60, 20, 67, 47, 16, 33, 84, 0, 69, 17, 83, 13, 10, 105, 106, 96, 6, 104, 54, 27, 32, 109, 15, 34, 11, 111, 72, 77, 24, 40, 67, 118, 77, 56, 80, 95, 28, 37, 69, 111, 89, 49, 66, 6, 116, 35, 9, 82, 60, 36, 69, 40, 7, 94, 69, 59, 101, 68, 100, 21, 35, 46, 0, 85, 87, 61, 65, 80, 33, 40, 20, 41, 7, 91, 59, 23, 62, 114, 97, 69, 1, 95, 18, 59, 71, 81, 74, 37, 92, 70, 11, 15, 29, 16, 117, 86, 54, 22, 69, 65, 90, 16, 30, 43, 32, 12, 35, 32, 108, 42, 108, 55, 42, 22, 0, 85, 12, 80, 75, 63, 45, 47, 113, 18, 67, 64, 41, 78, 117, 52, 21, 107, 4, 36, 11, 18, 73, 36, 71, 71, 90, 1, 13, 49, 17, 91, 22, 52, 76, 64, 63, 43, 33, 82, 85, 33, 76, 100, 53, 27, 24, 51, 24, 103, 119, 119, 91, 78, 87, 80, 44, 116, 106, 112, 54, 38, 73, 70, 40, 43, 76, 107, 16, 3, 42, 112, 115, 37, 70, 41, 28, 41, 6, 65, 27, 54, 0, 49, 25, 112, 52, 87, 22, 43, 19, 66, 56, 79, 39, 66, 119, 45, 90, 71, 34, 66, 99, 29, 44, 50, 92, 50, 16, 48, 37, 102, 73, 82, 53, 17, 38, 73, 20, 44, 14, 94, 30, 84, 101, 28, 38, 74, 59, 110, 113, 84, 11, 17, 108, 90, 48, 2, 74, 51, 93, 34, 95, 8, 71, 58, 67, 79, 91, 47, 42, 83, 75, 8, 3, 96, 5, 65, 78, 93, 33, 36, 86, 7, 2, 102, 44, 57, 56, 26, 50, 101, 80, 26, 74, 118, 48, 45, 29, 33, 38, 63, 67, 100, 26, 17, 101, 115, 9, 70, 24, 56, 23, 116, 122, 9, 104, 18, 101, 61, 26, 47, 75, 81, 65, 90, 85, 26, 47, 27, 43, 13, 70, 110, 63, 51, 39, 74, 46, 66, 86, 61, 52, 58, 15, 114, 72, 53, 110, 30, 8, 56, 57, 80, 25, 67, 60, 62, 73, 83, 48, 99, 39, 117, 11, 98, 25, 21, 105, 3, 95, 45, 89, 20, 19, 3, 8, 72, 11, 20, 3, 58, 77, 104, 29, 74, 12, 113, 98, 30, 23, 56, 53, 33, 61, 42, 63, 91, 0, 87, 23, 78, 64, 67, 76, 65, 14, 50, 59, 57, 97, 35, 81, 35, 77, 58, 63, 21, 76, 34, 49, 53, 31, 41, 46, 103, 45, 9, 28, 76, 40, 44, 74, 97, 26, 27, 5, 35, 51, 2, 52, 46, 112, 27, 24, 50, 92, 12, 79, 68, 107, 89, 1, 48, 15, 88, 36, 47, 24, 18, 93, 4, 20, 81, 93, 106, 79, 116, 97, 49, 57, 17, 10, 71, 82, 63, 83, 99, 34, 7, 37, 26, 54, 60, 102, 43, 79, 103, 30, 5, 105, 39, 4, 58, 80, 55, 15, 108, 44, 19, 34, 55, 56, 38, 72, 104, 77, 5, 6, 31, 51, 34, 11, 51, 24, 98, 44, 1, 112, 55, 83, 62, 53, 95, 94, 25, 23, 46, 63, 23, 1, 42, 8, 30, 14, 3, 35, 86, 41, 36, 57, 50, 45, 90, 78, 25, 101, 38, 7, 100, 21, 70, 60, 118, 42, 47, 113, 19, 96]

gc_100_5  :
21
[14, 18, 8, 5, 0, 8, 12, 17, 1, 2, 13, 6, 0, 5, 14, 0, 6, 11, 8, 4, 7, 5, 12, 11, 19, 15, 4, 9, 14, 6, 7, 1, 3, 12, 3, 1, 12, 18, 15, 9, 1, 1, 2, 15, 16, 13, 16, 4, 10, 14, 6, 10, 13, 7, 3, 2, 2, 7, 15, 7, 5, 10, 5, 9, 8, 9, 4, 8, 17, 15, 17, 11, 0, 3, 16, 6, 10, 7, 17, 2, 12, 3, 15, 4, 2, 11, 9, 10, 0, 10, 13, 11, 2, 11, 7, 20, 0, 3, 18, 14]

gc_20_1  :
4
[0, 2, 1, 0, 3, 1, 0, 2, 1, 0, 0, 2, 1, 1, 1, 0, 2, 0, 2, 2]

gc_4_1  :
3
[1, 0, 2, 1]

gc_50_5  :
13
[1, 11, 1, 4, 1, 0, 5, 0, 6, 6, 5, 7, 3, 2, 9, 10, 5, 8, 4, 7, 8, 3, 8, 10, 12, 5, 4, 11, 7, 6, 3, 9, 8, 8, 3, 4, 10, 1, 7, 11, 3, 2, 9, 5, 0, 7, 6, 4, 0, 2]

gc_50_7  :
18
[7, 16, 3, 1, 8, 7, 0, 2, 8, 10, 5, 0, 6, 15, 11, 14, 16, 14, 4, 2, 13, 5, 8, 9, 7, 10, 17, 4, 13, 13, 2, 1, 6, 6, 11, 3, 4, 1, 2, 11, 3, 3, 15, 10, 15, 0, 12, 12, 9, 12]

gc_7  :
5
[4, 3, 1, 0, 2, 1, 2]

